#created by OURYGO
#main
97268402
18789533
2347477
2347477
23434538
23434538
23434538
14558127
14558127
14558127
63528891
30114823
645087
16188701
16188701
27182739
17946349
36521307
36521307
36521307
27204311
18144506
30114823
57160136
24224830
24224830
65681983
10045474
10045474
10045474
87804365
7403341
16360142
80965043
73642296
59438930
59438930
52354896
25311006
60018643
82257671
21830679
#extra
88021907
85692042
60303245
24842059
88093706
59859086
59859086
45462149
46947713
61245672
5043010
86066372
86066372
53413628
24842059
!side
24299458
24299458
24299458
94145021
14025912
57160136
94145021
98630720
59859086
15693423
15693423
53413628
41420027
41420027
41420027
